50
200 361 90
732 411 37
418 757 78
943 836 62
783 547 106
1004 769 13
177 847 155
881 899 7
638 227 141
544 462 75
961 528 20
58 441 7
272 234 54
802 971 41
553 677 14
520 567 23
490 851 36
374 279 49
427 109 11
395 448 52
338 40 26
182 92 69
931 743 28
878 410 41
728 717 54
214 596 38
65 598 1
470 79 12
595 745 2
671 601 16
955 71 12
50 41 37
35 86 9
804 230 19
797 383 30
431 231 13
96 524 12
342 547 43
808 101 67
707 979 32
929 151 41
940 226 14
683 902 27
983 444 33
928 653 12
24 596 13
526 723 29
912 997 6
986 63 3
383 999 21